2 98806 197640
3 99813 213000
4 100820 228360
5 101828 243720
6 102835 259080
7 103842 274440
8 104838 289440
9 105845 304800
10 106865 320520
11 107873 335880
12 108748 347280
13 109888 366600
14 110896 381960
15 111903 397320
16 112911 412680
17 113919 427680
18 114927 443400
19 115934 458760
20 116942 474120
21 117950 489480
22 118706 497280
23 119966 520200
24 120974 535560
25 121982 550920
26 122991 566280
27 123999 581640
28 124683 587280
29 126003 611640
30 127023 627720
31 128032 643080
32 129040 658440