5 3 110091 581880
7 3 116098 702240
7 5 127266 703320
9 3 122187 824400
9 5 133227 824040
9 7 144359 824040
11 3 128231 945840
11 5 139272 945480
11 7 150360 944760
13 3 134217 1065480
13 5 145322 1065840
13 7 156379 1066560
13 9 167356 1065480
15 3 140256 1187280
15 5 151381 1187640
15 7 162382 1187280
15 9 173403 1186920
15 11 184561 1187640
17 3 146311 1308360
17 5 157348 1307280
17 7 168397 1308360
17 9 179491 1308360
17 11 190625 1308360
19 3 152396 1430880
19 5 163405 1430160
19 7 174411 1428720
19 9 185516 1429080
19 11 196615 1428000
19 13 207721 1430160
21 3 158433 1551960
21 5 169439 1550520
21 7 180620 1551960
21 9 191630 1551240
21 11 202680 1550520
21 13 213747 1550880
21 15 224782 1550880